请设置收敛指标epsilon:
0.00001

          BUS ADMITTANCE MATRIX Y(BUS):
 ******************* ARRAY G ********************
            1            2            3            4            5
 1     1.378741    -0.624024    -0.754717     0.000000     0.000000
 2    -0.624024     1.453900    -0.829876     0.000000     0.000000
 3    -0.754717    -0.829876     1.584593     0.000000     0.000000
 4     0.000000     0.000000     0.000000     0.000000     0.000000
 5     0.000000     0.000000     0.000000     0.000000     0.000000

 ******************* ARRAY B ********************
            1            2            3            4            5
 1    -6.291665     3.900156     2.641509     0.000000     0.000000
 2     3.900156   -66.980820     3.112033    63.492062     0.000000
 3     2.641509     3.112033   -35.737858     0.000000    31.746033
 4     0.000000    63.492062     0.000000   -66.666664     0.000000
 5     0.000000     0.000000    31.746033     0.000000   -33.333332

************************************************
        CHANGE OF P0,V**2,P0(I),Q0(I),V0(I)
  I       P0(I)           Q0(I)
  1   -1.600000e+00   -5.500000e-01
  2   -2.000000e+00    5.698032e+00
  3   -3.700000e+00    2.049016e+00
  I       P0(I)           V0(I)
  4    5.000000e+00    0.000000e+00
  5    2.580000e+00    0.000000e+00
 J                 MATRIX(Jacobian)
         1         2         3         4         5
 1   -6.041665    1.378741    3.900156   -0.624024    2.641509
 2   -1.378741   -6.541665    0.624024    3.900156    0.754717
 3    3.900156   -0.624024  -60.282787    1.453900    3.112033
 4    0.624024    3.900156   -1.453900  -73.678848    0.829876
 5    2.641509   -0.754717    3.112033   -0.829876  -32.388840
 6    0.754717    2.641509    0.829876    3.112033   -1.584593
 7    0.000000    0.000000    0.000000    0.000000    0.000000
 8   -0.000000    0.000000   -0.000000   66.666664   -0.000000
         6         7         8
 1   -0.754717    0.000000    0.000000
 2    2.641509   -0.000000    0.000000
 3   -0.829876   63.492062    0.000000
 4    3.112033   -0.000000   63.492062
 5    1.584593    0.000000    0.000000
 6  -39.086876   -0.000000    0.000000
 7    0.000000   -2.100000   -0.000000
 8    0.000000    0.000000  -63.492062

Trianglar Angmentex Matrix
                  1           2           3           4           5
 1       1.000000      -0.228205      -0.645543       0.103287      -0.437215
 2       0.000000       1.000000       0.038798      -0.589613      -0.022156
 3       0.000000       0.000000       1.000000      -0.020907      -0.083481
 4       0.000000       0.000000       0.000000       1.000000      -0.015289
 5       0.000000       0.000000       0.000000       0.000000       1.000000
 6       0.000000       0.000000       0.000000       0.000000       0.000000
 7       0.000000       0.000000       0.000000       0.000000       0.000000
 8       0.000000       0.000000       0.000000       0.000000       0.000000
                  6           7           8           9
 1       0.124919      -0.000000      -0.000000      -0.091035
 2      -0.410387       0.000000       0.000000      -0.215056
 3       0.020907      -1.098946       0.000000       0.091488
 4      -0.066097       0.018595      -0.889431      -0.042540
 5      -0.033039      -0.172461       0.031466       0.075488
 6       1.000000      -0.028165      -0.111949      -0.120216
 7       0.000000       1.000000       0.000000       0.000000
 8       0.000000       0.000000       1.000000       0.457490
Voltage correction E(i), F(i) :
               1               1               2               2
      -0.033569      -0.033482       0.105382       0.360705
               3               3               4               4
       0.058813      -0.069000       0.000000       0.457490
        CHANGE OF P0,V**2,P0(I),Q0(I),V0(I)
  I       P0(I)           Q0(I)
  1   -3.473388e-02   -7.203585e-02
  2    2.775280e+00    9.180284e-01
  3    4.904552e-02   -3.714473e-01
  I       P0(I)           V0(I)
  4   -3.061033e+00   -2.092974e-01
  5    2.800016e-01    0.000000e+00
max error is: 3.06103

 J                 MATRIX(Jacobian)
         1         2         3         4         5
 1   -5.225904    3.134743    3.748337   -0.733660    2.527566
 2    0.048516   -6.842688    0.733660    3.748337    0.817824
 3    4.536251    0.717022  -74.269669  -18.137197    3.739326
 4   -0.717022    4.536251   26.969225  -74.857971   -0.205196
 5    2.744789   -0.981368    3.237800   -1.093414  -36.627338
 6    0.981368    2.744789    1.093414    3.237800   -0.674780
 7    0.000000    0.000000    0.000000    0.000000    0.000000
 8   -0.000000    0.000000  -29.047009   66.666664   -0.000000
         6         7         8
 1   -0.817824    0.000000   -0.000000
 2    2.527566    0.000000    0.000000
 3    0.205196   70.182983   22.901913
 4    3.739326  -22.901913   70.182983
 5    7.612617    0.000000   -0.000000
 6  -38.833408    0.000000    0.000000
 7    0.000000   -2.100000   -0.914981
 8    0.000000   22.901913  -70.182983

Trianglar Angmentex Matrix
                  1           2           3           4           5
 1       1.000000      -0.599847      -0.717261       0.140389      -0.483661
 2       0.000000       1.000000      -0.112783      -0.549127      -0.123472
 3       0.000000       0.000000       1.000000       0.239084      -0.090018
 4       0.000000       0.000000       0.000000       1.000000      -0.030126
 5       0.000000       0.000000       0.000000       0.000000       1.000000
 6       0.000000       0.000000       0.000000       0.000000       0.000000
 7       0.000000       0.000000       0.000000       0.000000       0.000000
 8       0.000000       0.000000       0.000000       0.000000       0.000000
                  6           7           8           9
 1       0.156494      -0.000000       0.000000      -0.013784
 2      -0.369845      -0.000000       0.000000      -0.005196
 3      -0.010858      -0.993696      -0.324260       0.011860
 4      -0.071733      -0.048727      -0.999661       0.039057
 5      -0.210145      -0.147426       0.019040      -0.012722
 6       1.000000      -0.065793      -0.136830       0.005613
 7       0.000000       1.000000       2.527767      -0.235764
 8       0.000000       0.000000       1.000000      -0.065055
Voltage correction E(i), F(i) :
               1               1               2               2
      -0.095285      -0.036405      -0.074975      -0.030737
               3               3               4               4
      -0.023675      -0.007981      -0.071321      -0.065055
        CHANGE OF P0,V**2,P0(I),Q0(I),V0(I)
  I       P0(I)           Q0(I)
  1   -6.757893e-03   -2.655661e-02
  2    1.666033e-01    6.541318e-02
  3    3.279969e-03   -9.477377e-03
  I       P0(I)           V0(I)
  4   -1.704954e-01   -9.318873e-03
  5    1.398325e-02    0.000000e+00
max error is: 0.170495

 J                 MATRIX(Jacobian)
         1         2         3         4         5
 1   -4.356647    3.387227    3.353992   -0.816185    2.248394
 2    0.105650   -6.412552    0.816185    3.353992    0.842075
 3    4.224656    0.643929  -69.170151  -18.396025    3.480493
 4   -0.643929    4.224656   22.810850  -69.824326   -0.171762
 5    2.676228   -0.984581    3.157499   -1.098602  -35.367180
 6    0.984581    2.676228    1.098602    3.157499   -0.925701
 7    0.000000    0.000000    0.000000    0.000000    0.000000
 8   -0.000000    0.000000  -24.916550   62.138359   -0.000000
         6         7         8
 1   -0.842075    0.000000   -0.000000
 2    2.248394    0.000000    0.000000
 3    0.171762   65.422653   20.950365
 4    3.480493  -20.950365   65.422653
 5    7.857080    0.000000   -0.000000
 6  -38.376076    0.000000    0.000000
 7    0.000000   -1.957358   -0.784871
 8    0.000000   20.950365  -65.422653

Trianglar Angmentex Matrix
                  1           2           3           4           5
 1       1.000000      -0.777485      -0.769856       0.187343      -0.516084
 2       0.000000       1.000000      -0.141779      -0.526696      -0.141634
 3       0.000000       0.000000       1.000000       0.261905      -0.095121
 4       0.000000       0.000000       0.000000       1.000000      -0.029789
 5       0.000000       0.000000       0.000000       0.000000       1.000000
 6       0.000000       0.000000       0.000000       0.000000       0.000000
 7       0.000000       0.000000       0.000000       0.000000       0.000000
 8       0.000000       0.000000       0.000000       0.000000       0.000000
                  6           7           8           9
 1       0.193285      -0.000000       0.000000      -0.006096
 2      -0.351948      -0.000000       0.000000      -0.001169
 3      -0.011289      -1.000947      -0.320534       0.000537
 4      -0.070173      -0.025966      -0.986703       0.002420
 5      -0.228070      -0.159176       0.020223      -0.000901
 6       1.000000      -0.068258      -0.131544       0.000115
 7       0.000000       1.000000       0.400985      -0.004761
 8       0.000000       0.000000       1.000000      -0.001770
Voltage correction E(i), F(i) :
               1               1               2               2
      -0.011776      -0.001895      -0.004372       0.000493
               3               3               4               4
      -0.001600      -0.000395      -0.004051      -0.001770
        CHANGE OF P0,V**2,P0(I),Q0(I),V0(I)
  I       P0(I)           Q0(I)
  1   -2.003983e-04   -6.384850e-04
  2    6.898940e-04   -2.181530e-05
  3    3.650784e-06   -2.217293e-05
  I       P0(I)           V0(I)
  4   -6.177872e-04   -1.950562e-05
  5    8.249283e-04    0.000000e+00
max error is: 0.000689894

 J                 MATRIX(Jacobian)
         1         2         3         4         5
 1   -4.229751    3.408015    3.306881   -0.816226    2.215857
 2    0.135069   -6.386042    0.816226    3.306881    0.838192
 3    4.207913    0.648582  -68.891129  -18.591789    3.467297
 4   -0.648582    4.207913   22.693905  -69.519135   -0.176926
 5    2.671704   -0.984416    3.152193   -1.098503  -35.296535
 6    0.984416    2.671704    1.098503    3.152193   -0.936616
 7    0.000000    0.000000    0.000000    0.000000    0.000000
 8   -0.000000    0.000000  -24.804188   61.881130   -0.000000
         6         7         8
 1   -0.838192    0.000000   -0.000000
 2    2.215857    0.000000    0.000000
 3    0.176926   65.145081   20.981699
 4    3.467297  -20.981699   65.145081
 5    7.869310    0.000000   -0.000000
 6  -38.331135    0.000000    0.000000
 7    0.000000   -1.949256   -0.781332
 8    0.000000   20.981699  -65.145081

Trianglar Angmentex Matrix
                  1           2           3           4           5
 1       1.000000      -0.805725      -0.781815       0.192973      -0.523874
 2       0.000000       1.000000      -0.146853      -0.522655      -0.144802
 3       0.000000       0.000000       1.000000       0.266010      -0.096243
 4       0.000000       0.000000       0.000000       1.000000      -0.029986
 5       0.000000       0.000000       0.000000       0.000000       1.000000
 6       0.000000       0.000000       0.000000       0.000000       0.000000
 7       0.000000       0.000000       0.000000       0.000000       0.000000
 8       0.000000       0.000000       0.000000       0.000000       0.000000
                  6           7           8           9
 1       0.198166      -0.000000       0.000000      -0.000151
 2      -0.348736      -0.000000       0.000000      -0.000035
 3      -0.011562      -1.002106      -0.322755      -0.000012
 4      -0.069971      -0.024406      -0.985948       0.000005
 5      -0.229534      -0.161186       0.019892      -0.000016
 6       1.000000      -0.069183      -0.131195      -0.000008
 7       0.000000       1.000000       2.586649       0.000006
 8       0.000000       0.000000       1.000000       0.000007
Voltage correction E(i), F(i) :
               1               1               2               2
      -0.000216      -0.000039      -0.000028       0.000011
               3               3               4               4
      -0.000020      -0.000008      -0.000013       0.000007
        CHANGE OF P0,V**2,P0(I),Q0(I),V0(I)
  I       P0(I)           Q0(I)
  1   -2.607703e-07   -6.556511e-07
  2   -1.221895e-06    4.708767e-06
  3    2.756715e-07    1.549721e-06
  I       P0(I)           V0(I)
  4    2.212822e-06    1.490116e-08
  5    5.724430e-04    0.000000e+00
max error is: 4.70877e-06

THE RESULT ARE:
BUS DATA
BUS     VOLTAGE      ANGLE(DEGS.)      BUS P          BUS Q
  1  8.62150e-01       -4.77851   -1.60000e+00   -8.00000e-01
  2  1.07792e+00       17.85353   -2.00000e+00   -1.00000e+00
  3  1.03641e+00       -4.28193   -3.70000e+00   -1.30000e+00
  4  1.05000e+00       21.84332    5.00000e+00    1.81309e+00
  5  1.05000e+00        0.00000    2.57943e+00    2.29940e+00
 LINE FLOW
 1       1          2-1.466181e+00-4.090762e-01 1.183648e-01 2.634799e-01                2          1 1.584546e+00 6.725561e-01
 2       1          3-1.338185e-01-3.909231e-01 2.296895e-02 8.039129e-02                3          1 1.567875e-01 4.713144e-01
 3       2          3 1.415454e+00-2.443331e-01 1.380935e-01-4.116201e-02                3          2-1.277360e+00 2.031711e-01
 4       2          4-4.999999e+00-1.428230e+00 0.000000e+00 3.848538e-01                4          2 4.999999e+00 1.813084e+00
 5       3          5-2.579427e+00-1.974487e+00 0.000000e+00 3.249145e-01                5          3 2.579427e+00 2.299402e+00
The total iterations is: 4